function [coor,connex,climit,charg,E,nu,th]=cantbeam32x8

E=30000;
nu=0.25;
th=1;

coor=[0	0	;
1.5	0	;
3	0	;
4.5	0	;
6	0	;
7.5	0	;
9	0	;
10.5	0	;
12	0	;
13.5	0	;
15	0	;
16.5	0	;
18	0	;
19.5	0	;
21	0	;
22.5	0	;
24	0	;
25.5	0	;
27	0	;
28.5	0	;
30	0	;
31.5	0	;
33	0	;
34.5	0	;
36	0	;
37.5	0	;
39	0	;
40.5	0	;
42	0	;
43.5	0	;
45	0	;
46.5	0	;
48	0	;
0	1.5	;
1.5	1.5	;
3	1.5	;
4.5	1.5	;
6	1.5	;
7.5	1.5	;
9	1.5	;
10.5	1.5	;
12	1.5	;
13.5	1.5	;
15	1.5	;
16.5	1.5	;
18	1.5	;
19.5	1.5	;
21	1.5	;
22.5	1.5	;
24	1.5	;
25.5	1.5	;
27	1.5	;
28.5	1.5	;
30	1.5	;
31.5	1.5	;
33	1.5	;
34.5	1.5	;
36	1.5	;
37.5	1.5	;
39	1.5	;
40.5	1.5	;
42	1.5	;
43.5	1.5	;
45	1.5	;
46.5	1.5	;
48	1.5	;
0	3	;
1.5	3	;
3	3	;
4.5	3	;
6	3	;
7.5	3	;
9	3	;
10.5	3	;
12	3	;
13.5	3	;
15	3	;
16.5	3	;
18	3	;
19.5	3	;
21	3	;
22.5	3	;
24	3	;
25.5	3	;
27	3	;
28.5	3	;
30	3	;
31.5	3	;
33	3	;
34.5	3	;
36	3	;
37.5	3	;
39	3	;
40.5	3	;
42	3	;
43.5	3	;
45	3	;
46.5	3	;
48	3	;
0	4.5	;
1.5	4.5	;
3	4.5	;
4.5	4.5	;
6	4.5	;
7.5	4.5	;
9	4.5	;
10.5	4.5	;
12	4.5	;
13.5	4.5	;
15	4.5	;
16.5	4.5	;
18	4.5	;
19.5	4.5	;
21	4.5	;
22.5	4.5	;
24	4.5	;
25.5	4.5	;
27	4.5	;
28.5	4.5	;
30	4.5	;
31.5	4.5	;
33	4.5	;
34.5	4.5	;
36	4.5	;
37.5	4.5	;
39	4.5	;
40.5	4.5	;
42	4.5	;
43.5	4.5	;
45	4.5	;
46.5	4.5	;
48	4.5	;
0	6	;
1.5	6	;
3	6	;
4.5	6	;
6	6	;
7.5	6	;
9	6	;
10.5	6	;
12	6	;
13.5	6	;
15	6	;
16.5	6	;
18	6	;
19.5	6	;
21	6	;
22.5	6	;
24	6	;
25.5	6	;
27	6	;
28.5	6	;
30	6	;
31.5	6	;
33	6	;
34.5	6	;
36	6	;
37.5	6	;
39	6	;
40.5	6	;
42	6	;
43.5	6	;
45	6	;
46.5	6	;
48	6	;
0	7.5	;
1.5	7.5	;
3	7.5	;
4.5	7.5	;
6	7.5	;
7.5	7.5	;
9	7.5	;
10.5	7.5	;
12	7.5	;
13.5	7.5	;
15	7.5	;
16.5	7.5	;
18	7.5	;
19.5	7.5	;
21	7.5	;
22.5	7.5	;
24	7.5	;
25.5	7.5	;
27	7.5	;
28.5	7.5	;
30	7.5	;
31.5	7.5	;
33	7.5	;
34.5	7.5	;
36	7.5	;
37.5	7.5	;
39	7.5	;
40.5	7.5	;
42	7.5	;
43.5	7.5	;
45	7.5	;
46.5	7.5	;
48	7.5	;
0	9	;
1.5	9	;
3	9	;
4.5	9	;
6	9	;
7.5	9	;
9	9	;
10.5	9	;
12	9	;
13.5	9	;
15	9	;
16.5	9	;
18	9	;
19.5	9	;
21	9	;
22.5	9	;
24	9	;
25.5	9	;
27	9	;
28.5	9	;
30	9	;
31.5	9	;
33	9	;
34.5	9	;
36	9	;
37.5	9	;
39	9	;
40.5	9	;
42	9	;
43.5	9	;
45	9	;
46.5	9	;
48	9	;
0	10.5	;
1.5	10.5	;
3	10.5	;
4.5	10.5	;
6	10.5	;
7.5	10.5	;
9	10.5	;
10.5	10.5	;
12	10.5	;
13.5	10.5	;
15	10.5	;
16.5	10.5	;
18	10.5	;
19.5	10.5	;
21	10.5	;
22.5	10.5	;
24	10.5	;
25.5	10.5	;
27	10.5	;
28.5	10.5	;
30	10.5	;
31.5	10.5	;
33	10.5	;
34.5	10.5	;
36	10.5	;
37.5	10.5	;
39	10.5	;
40.5	10.5	;
42	10.5	;
43.5	10.5	;
45	10.5	;
46.5	10.5	;
48	10.5	;
0	12	;
1.5	12	;
3	12	;
4.5	12	;
6	12	;
7.5	12	;
9	12	;
10.5	12	;
12	12	;
13.5	12	;
15	12	;
16.5	12	;
18	12	;
19.5	12	;
21	12	;
22.5	12	;
24	12	;
25.5	12	;
27	12	;
28.5	12	;
30	12	;
31.5	12	;
33	12	;
34.5	12	;
36	12	;
37.5	12	;
39	12	;
40.5	12	;
42	12	;
43.5	12	;
45	12	;
46.5	12	;
48	12	];
%coor(:,2)=coor(:,2)*1;

connex=[1	2	34	;
2	3	36	;
3	4	36	;
4	5	38	;
5	6	38	;
6	7	40	;
7	8	40	;
8	9	42	;
9	10	42	;
10	11	44	;
11	12	44	;
12	13	46	;
13	14	46	;
14	15	48	;
15	16	48	;
16	17	50	;
17	18	50	;
18	19	52	;
19	20	52	;
20	21	54	;
21	22	54	;
22	23	56	;
23	24	56	;
24	25	58	;
25	26	58	;
26	27	60	;
27	28	60	;
28	29	62	;
29	30	62	;
30	31	64	;
31	32	64	;
32	33	66	;
34	68	67	;
35	36	68	;
36	70	69	;
37	38	70	;
38	72	71	;
39	40	72	;
40	74	73	;
41	42	74	;
42	76	75	;
43	44	76	;
44	78	77	;
45	46	78	;
46	80	79	;
47	48	80	;
48	82	81	;
49	50	82	;
50	84	83	;
51	52	84	;
52	86	85	;
53	54	86	;
54	88	87	;
55	56	88	;
56	90	89	;
57	58	90	;
58	92	91	;
59	60	92	;
60	94	93	;
61	62	94	;
62	96	95	;
63	64	96	;
64	98	97	;
65	66	98	;
67	68	100	;
68	69	102	;
69	70	102	;
70	71	104	;
71	72	104	;
72	73	106	;
73	74	106	;
74	75	108	;
75	76	108	;
76	77	110	;
77	78	110	;
78	79	112	;
79	80	112	;
80	81	114	;
81	82	114	;
82	83	116	;
83	84	116	;
84	85	118	;
85	86	118	;
86	87	120	;
87	88	120	;
88	89	122	;
89	90	122	;
90	91	124	;
91	92	124	;
92	93	126	;
93	94	126	;
94	95	128	;
95	96	128	;
96	97	130	;
97	98	130	;
98	99	132	;
100	134	133	;
101	102	134	;
102	136	135	;
103	104	136	;
104	138	137	;
105	106	138	;
106	140	139	;
107	108	140	;
108	142	141	;
109	110	142	;
110	144	143	;
111	112	144	;
112	146	145	;
113	114	146	;
114	148	147	;
115	116	148	;
116	150	149	;
117	118	150	;
118	152	151	;
119	120	152	;
120	154	153	;
121	122	154	;
122	156	155	;
123	124	156	;
124	158	157	;
125	126	158	;
126	160	159	;
127	128	160	;
128	162	161	;
129	130	162	;
130	164	163	;
131	132	164	;
133	134	166	;
134	135	168	;
135	136	168	;
136	137	170	;
137	138	170	;
138	139	172	;
139	140	172	;
140	141	174	;
141	142	174	;
142	143	176	;
143	144	176	;
144	145	178	;
145	146	178	;
146	147	180	;
147	148	180	;
148	149	182	;
149	150	182	;
150	151	184	;
151	152	184	;
152	153	186	;
153	154	186	;
154	155	188	;
155	156	188	;
156	157	190	;
157	158	190	;
158	159	192	;
159	160	192	;
160	161	194	;
161	162	194	;
162	163	196	;
163	164	196	;
164	165	198	;
166	200	199	;
167	168	200	;
168	202	201	;
169	170	202	;
170	204	203	;
171	172	204	;
172	206	205	;
173	174	206	;
174	208	207	;
175	176	208	;
176	210	209	;
177	178	210	;
178	212	211	;
179	180	212	;
180	214	213	;
181	182	214	;
182	216	215	;
183	184	216	;
184	218	217	;
185	186	218	;
186	220	219	;
187	188	220	;
188	222	221	;
189	190	222	;
190	224	223	;
191	192	224	;
192	226	225	;
193	194	226	;
194	228	227	;
195	196	228	;
196	230	229	;
197	198	230	;
199	200	232	;
200	201	234	;
201	202	234	;
202	203	236	;
203	204	236	;
204	205	238	;
205	206	238	;
206	207	240	;
207	208	240	;
208	209	242	;
209	210	242	;
210	211	244	;
211	212	244	;
212	213	246	;
213	214	246	;
214	215	248	;
215	216	248	;
216	217	250	;
217	218	250	;
218	219	252	;
219	220	252	;
220	221	254	;
221	222	254	;
222	223	256	;
223	224	256	;
224	225	258	;
225	226	258	;
226	227	260	;
227	228	260	;
228	229	262	;
229	230	262	;
230	231	264	;
232	266	265	;
233	234	266	;
234	268	267	;
235	236	268	;
236	270	269	;
237	238	270	;
238	272	271	;
239	240	272	;
240	274	273	;
241	242	274	;
242	276	275	;
243	244	276	;
244	278	277	;
245	246	278	;
246	280	279	;
247	248	280	;
248	282	281	;
249	250	282	;
250	284	283	;
251	252	284	;
252	286	285	;
253	254	286	;
254	288	287	;
255	256	288	;
256	290	289	;
257	258	290	;
258	292	291	;
259	260	292	;
260	294	293	;
261	262	294	;
262	296	295	;
263	264	296	;
34	2	35	;
2	36	35	;
36	4	37	;
4	38	37	;
38	6	39	;
6	40	39	;
40	8	41	;
8	42	41	;
42	10	43	;
10	44	43	;
44	12	45	;
12	46	45	;
46	14	47	;
14	48	47	;
48	16	49	;
16	50	49	;
50	18	51	;
18	52	51	;
52	20	53	;
20	54	53	;
54	22	55	;
22	56	55	;
56	24	57	;
24	58	57	;
58	26	59	;
26	60	59	;
60	28	61	;
28	62	61	;
62	30	63	;
30	64	63	;
64	32	65	;
32	66	65	;
34	35	68	;
68	36	69	;
36	37	70	;
70	38	71	;
38	39	72	;
72	40	73	;
40	41	74	;
74	42	75	;
42	43	76	;
76	44	77	;
44	45	78	;
78	46	79	;
46	47	80	;
80	48	81	;
48	49	82	;
82	50	83	;
50	51	84	;
84	52	85	;
52	53	86	;
86	54	87	;
54	55	88	;
88	56	89	;
56	57	90	;
90	58	91	;
58	59	92	;
92	60	93	;
60	61	94	;
94	62	95	;
62	63	96	;
96	64	97	;
64	65	98	;
98	66	99	;
100	68	101	;
68	102	101	;
102	70	103	;
70	104	103	;
104	72	105	;
72	106	105	;
106	74	107	;
74	108	107	;
108	76	109	;
76	110	109	;
110	78	111	;
78	112	111	;
112	80	113	;
80	114	113	;
114	82	115	;
82	116	115	;
116	84	117	;
84	118	117	;
118	86	119	;
86	120	119	;
120	88	121	;
88	122	121	;
122	90	123	;
90	124	123	;
124	92	125	;
92	126	125	;
126	94	127	;
94	128	127	;
128	96	129	;
96	130	129	;
130	98	131	;
98	132	131	;
100	101	134	;
134	102	135	;
102	103	136	;
136	104	137	;
104	105	138	;
138	106	139	;
106	107	140	;
140	108	141	;
108	109	142	;
142	110	143	;
110	111	144	;
144	112	145	;
112	113	146	;
146	114	147	;
114	115	148	;
148	116	149	;
116	117	150	;
150	118	151	;
118	119	152	;
152	120	153	;
120	121	154	;
154	122	155	;
122	123	156	;
156	124	157	;
124	125	158	;
158	126	159	;
126	127	160	;
160	128	161	;
128	129	162	;
162	130	163	;
130	131	164	;
164	132	165	;
166	134	167	;
134	168	167	;
168	136	169	;
136	170	169	;
170	138	171	;
138	172	171	;
172	140	173	;
140	174	173	;
174	142	175	;
142	176	175	;
176	144	177	;
144	178	177	;
178	146	179	;
146	180	179	;
180	148	181	;
148	182	181	;
182	150	183	;
150	184	183	;
184	152	185	;
152	186	185	;
186	154	187	;
154	188	187	;
188	156	189	;
156	190	189	;
190	158	191	;
158	192	191	;
