function [coor,connex,climit,charg,E,nu,th]=pure_bending8x2

E=1500;
nu=0.;
th=1;

coor=[0.	-0.5;
1.25	-0.5;
2.5	-0.5;
3.75	-0.5;
5.	-0.5;
6.25	-0.5;
7.5	-0.5;
8.75	-0.5;
10.	-0.5;
0.	0;
1.25	0;
2.5	0;
3.75	0;
5.	0;
6.25	0;
7.5	0;
8.75	0;
10.	0;
0.	0.5;
1.25	0.5;
2.5	0.5;
3.75	0.5;
5.	0.5;
6.25	0.5;
7.5	0.5;
8.75	0.5;
10.	0.5];
coor(:,2)=coor(:,2)*2;

connex=[1	2	10	;	10	2	11	;
2	3	11	;	11	3	12	;
3	4	12	;	12	4	13	;
4	5	13	;	13	5	14	;
5	6	14	;	14	6	15	;
6	7	15	;	15	7	16	;
7	8	16	;	16	8	17	;
8	9	17	;	17	9	18	;
10	11	19	;	19	11	20	;
11	12	20	;	20	12	21	;
12	13	21	;	21	13	22	;
13	14	22	;	22	14	23	;
14	15	23	;	23	15	24	;
15	16	24	;	24	16	25	;
16	17	25	;	25	17	26	;
17	18	26	;	26	18	27	];

L=123456;
climit=[1 0 0 L;10 0 0 0;19 0 0 L];

charg=[9 10 0 0;
27 -10 0 0];
%charg=[9 0 0 10;
%27 0 0 10];

end