function [coor,connex,climit,charg,E,nu,th]=pure_bending32x8

E=1500;
nu=0;
th=1;

coor=[0	-0.5	;
0.3125	-0.5	;
0.625	-0.5	;
0.9375	-0.5	;
1.25	-0.5	;
1.5625	-0.5	;
1.875	-0.5	;
2.1875	-0.5	;
2.5	-0.5	;
2.8125	-0.5	;
3.125	-0.5	;
3.4375	-0.5	;
3.75	-0.5	;
4.0625	-0.5	;
4.375	-0.5	;
4.6875	-0.5	;
5	-0.5	;
5.3125	-0.5	;
5.625	-0.5	;
5.9375	-0.5	;
6.25	-0.5	;
6.5625	-0.5	;
6.875	-0.5	;
7.1875	-0.5	;
7.5	-0.5	;
7.8125	-0.5	;
8.125	-0.5	;
8.4375	-0.5	;
8.75	-0.5	;
9.0625	-0.5	;
9.375	-0.5	;
9.6875	-0.5	;
10	-0.5	;
0	-0.375	;
0.3125	-0.375	;
0.625	-0.375	;
0.9375	-0.375	;
1.25	-0.375	;
1.5625	-0.375	;
1.875	-0.375	;
2.1875	-0.375	;
2.5	-0.375	;
2.8125	-0.375	;
3.125	-0.375	;
3.4375	-0.375	;
3.75	-0.375	;
4.0625	-0.375	;
4.375	-0.375	;
4.6875	-0.375	;
5	-0.375	;
5.3125	-0.375	;
5.625	-0.375	;
5.9375	-0.375	;
6.25	-0.375	;
6.5625	-0.375	;
6.875	-0.375	;
7.1875	-0.375	;
7.5	-0.375	;
7.8125	-0.375	;
8.125	-0.375	;
8.4375	-0.375	;
8.75	-0.375	;
9.0625	-0.375	;
9.375	-0.375	;
9.6875	-0.375	;
10	-0.375	;
0	-0.25	;
0.3125	-0.25	;
0.625	-0.25	;
0.9375	-0.25	;
1.25	-0.25	;
1.5625	-0.25	;
1.875	-0.25	;
2.1875	-0.25	;
2.5	-0.25	;
2.8125	-0.25	;
3.125	-0.25	;
3.4375	-0.25	;
3.75	-0.25	;
4.0625	-0.25	;
4.375	-0.25	;
4.6875	-0.25	;
5	-0.25	;
5.3125	-0.25	;
5.625	-0.25	;
5.9375	-0.25	;
6.25	-0.25	;
6.5625	-0.25	;
6.875	-0.25	;
7.1875	-0.25	;
7.5	-0.25	;
7.8125	-0.25	;
8.125	-0.25	;
8.4375	-0.25	;
8.75	-0.25	;
9.0625	-0.25	;
9.375	-0.25	;
9.6875	-0.25	;
10	-0.25	;
0	-0.125	;
0.3125	-0.125	;
0.625	-0.125	;
0.9375	-0.125	;
1.25	-0.125	;
1.5625	-0.125	;
1.875	-0.125	;
2.1875	-0.125	;
2.5	-0.125	;
2.8125	-0.125	;
3.125	-0.125	;
3.4375	-0.125	;
3.75	-0.125	;
4.0625	-0.125	;
4.375	-0.125	;
4.6875	-0.125	;
5	-0.125	;
5.3125	-0.125	;
5.625	-0.125	;
5.9375	-0.125	;
6.25	-0.125	;
6.5625	-0.125	;
6.875	-0.125	;
7.1875	-0.125	;
7.5	-0.125	;
7.8125	-0.125	;
8.125	-0.125	;
8.4375	-0.125	;
8.75	-0.125	;
9.0625	-0.125	;
9.375	-0.125	;
9.6875	-0.125	;
10	-0.125	;
0	0	;
0.3125	0	;
0.625	0	;
0.9375	0	;
1.25	0	;
1.5625	0	;
1.875	0	;
2.1875	0	;
2.5	0	;
2.8125	0	;
3.125	0	;
3.4375	0	;
3.75	0	;
4.0625	0	;
4.375	0	;
4.6875	0	;
5	0	;
5.3125	0	;
5.625	0	;
5.9375	0	;
6.25	0	;
6.5625	0	;
6.875	0	;
7.1875	0	;
7.5	0	;
7.8125	0	;
8.125	0	;
8.4375	0	;
8.75	0	;
9.0625	0	;
9.375	0	;
9.6875	0	;
10	0	;
0	0.125	;
0.3125	0.125	;
0.625	0.125	;
0.9375	0.125	;
1.25	0.125	;
1.5625	0.125	;
1.875	0.125	;
2.1875	0.125	;
2.5	0.125	;
2.8125	0.125	;
3.125	0.125	;
3.4375	0.125	;
3.75	0.125	;
4.0625	0.125	;
4.375	0.125	;
4.6875	0.125	;
5	0.125	;
5.3125	0.125	;
5.625	0.125	;
5.9375	0.125	;
6.25	0.125	;
6.5625	0.125	;
6.875	0.125	;
7.1875	0.125	;
7.5	0.125	;
7.8125	0.125	;
8.125	0.125	;
8.4375	0.125	;
8.75	0.125	;
9.0625	0.125	;
9.375	0.125	;
9.6875	0.125	;
10	0.125	;
0	0.25	;
0.3125	0.25	;
0.625	0.25	;
0.9375	0.25	;
1.25	0.25	;
1.5625	0.25	;
1.875	0.25	;
2.1875	0.25	;
2.5	0.25	;
2.8125	0.25	;
3.125	0.25	;
3.4375	0.25	;
3.75	0.25	;
4.0625	0.25	;
4.375	0.25	;
4.6875	0.25	;
5	0.25	;
5.3125	0.25	;
5.625	0.25	;
5.9375	0.25	;
6.25	0.25	;
6.5625	0.25	;
6.875	0.25	;
7.1875	0.25	;
7.5	0.25	;
7.8125	0.25	;
8.125	0.25	;
8.4375	0.25	;
8.75	0.25	;
9.0625	0.25	;
9.375	0.25	;
9.6875	0.25	;
10	0.25	;
0	0.375	;
0.3125	0.375	;
0.625	0.375	;
0.9375	0.375	;
1.25	0.375	;
1.5625	0.375	;
1.875	0.375	;
2.1875	0.375	;
2.5	0.375	;
2.8125	0.375	;
3.125	0.375	;
3.4375	0.375	;
3.75	0.375	;
4.0625	0.375	;
4.375	0.375	;
4.6875	0.375	;
5	0.375	;
5.3125	0.375	;
5.625	0.375	;
5.9375	0.375	;
6.25	0.375	;
6.5625	0.375	;
6.875	0.375	;
7.1875	0.375	;
7.5	0.375	;
7.8125	0.375	;
8.125	0.375	;
8.4375	0.375	;
8.75	0.375	;
9.0625	0.375	;
9.375	0.375	;
9.6875	0.375	;
10	0.375	;
0	0.5	;
0.3125	0.5	;
0.625	0.5	;
0.9375	0.5	;
1.25	0.5	;
1.5625	0.5	;
1.875	0.5	;
2.1875	0.5	;
2.5	0.5	;
2.8125	0.5	;
3.125	0.5	;
3.4375	0.5	;
3.75	0.5	;
4.0625	0.5	;
4.375	0.5	;
4.6875	0.5	;
5	0.5	;
5.3125	0.5	;
5.625	0.5	;
5.9375	0.5	;
6.25	0.5	;
6.5625	0.5	;
6.875	0.5	;
7.1875	0.5	;
7.5	0.5	;
7.8125	0.5	;
8.125	0.5	;
8.4375	0.5	;
8.75	0.5	;
9.0625	0.5	;
9.375	0.5	;
9.6875	0.5	;
10	0.5	];
coor(:,2)=coor(:,2)*2;

