function [coor,connex,climit,charg,E,nu,th]=pure_bending25x4

E=1000;
nu=0;
th=1;

coor=[0	-0.1	;
0.4	-0.1	;
0.8	-0.1	;
1.2	-0.1	;
1.6	-0.1	;
2	-0.1	;
2.4	-0.1	;
2.8	-0.1	;
3.2	-0.1	;
3.6	-0.1	;
4	-0.1	;
4.4	-0.1	;
4.8	-0.1	;
5.2	-0.1	;
5.6	-0.1	;
6	-0.1	;
6.4	-0.1	;
6.8	-0.1	;
7.2	-0.1	;
7.6	-0.1	;
8	-0.1	;
8.4	-0.1	;
8.8	-0.1	;
9.2	-0.1	;
9.6	-0.1	;
10	-0.1	;
0	-0.05	;
0.4	-0.05	;
0.8	-0.05	;
1.2	-0.05	;
1.6	-0.05	;
2	-0.05	;
2.4	-0.05	;
2.8	-0.05	;
3.2	-0.05	;
3.6	-0.05	;
4	-0.05	;
4.4	-0.05	;
4.8	-0.05	;
5.2	-0.05	;
5.6	-0.05	;
6	-0.05	;
6.4	-0.05	;
6.8	-0.05	;
7.2	-0.05	;
7.6	-0.05	;
8	-0.05	;
8.4	-0.05	;
8.8	-0.05	;
9.2	-0.05	;
9.6	-0.05	;
10	-0.05	;
0	0	;
0.4	0	;
0.8	0	;
1.2	0	;
1.6	0	;
2	0	;
2.4	0	;
2.8	0	;
3.2	0	;
3.6	0	;
4	0	;
4.4	0	;
4.8	0	;
5.2	0	;
5.6	0	;
6	0	;
6.4	0	;
6.8	0	;
7.2	0	;
7.6	0	;
8	0	;
8.4	0	;
8.8	0	;
9.2	0	;
9.6	0	;
10	0	;
0	0.05	;
0.4	0.05	;
0.8	0.05	;
1.2	0.05	;
1.6	0.05	;
2	0.05	;
2.4	0.05	;
2.8	0.05	;
3.2	0.05	;
3.6	0.05	;
4	0.05	;
4.4	0.05	;
4.8	0.05	;
5.2	0.05	;
5.6	0.05	;
6	0.05	;
6.4	0.05	;
6.8	0.05	;
7.2	0.05	;
7.6	0.05	;
8	0.05	;
8.4	0.05	;
8.8	0.05	;
9.2	0.05	;
9.6	0.05	;
10	0.05	;
0	0.1	;
0.4	0.1	;
0.8	0.1	;
1.2	0.1	;
1.6	0.1	;
2	0.1	;
2.4	0.1	;
2.8	0.1	;
3.2	0.1	;
3.6	0.1	;
4	0.1	;
4.4	0.1	;
4.8	0.1	;
5.2	0.1	;
5.6	0.1	;
6	0.1	;
6.4	0.1	;
6.8	0.1	;
7.2	0.1	;
7.6	0.1	;
8	0.1	;
8.4	0.1	;
8.8	0.1	;
9.2	0.1	;
9.6	0.1	;
10	0.1	];
coor(:,2)=coor(:,2)*5;

connex=[1	2	27	;	27	2	28	;
2	3	28	;	28	3	29	;
3	4	29	;	29	4	30	;
4	5	30	;	30	5	31	;
5	6	31	;	31	6	32	;
6	7	32	;	32	7	33	;
7	8	33	;	33	8	34	;
8	9	34	;	34	9	35	;
9	10	35	;	35	10	36	;
10	11	36	;	36	11	37	;
11	12	37	;	37	12	38	;
12	13	38	;	38	13	39	;
13	14	39	;	39	14	40	;
14	15	40	;	40	15	41	;
15	16	41	;	41	16	42	;
16	17	42	;	42	17	43	;
17	18	43	;	43	18	44	;
18	19	44	;	44	19	45	;
19	20	45	;	45	20	46	;
20	21	46	;	46	21	47	;
21	22	47	;	47	22	48	;
22	23	48	;	48	23	49	;
23	24	49	;	49	24	50	;
24	25	50	;	50	25	51	;
25	26	51	;	51	26	52	;
27	28	53	;	53	28	54	;
28	29	54	;	54	29	55	;
29	30	55	;	55	30	56	;
30	31	56	;	56	31	57	;
31	32	57	;	57	32	58	;
32	33	58	;	58	33	59	;
33	34	59	;	59	34	60	;
34	35	60	;	60	35	61	;
35	36	61	;	61	36	62	;
36	37	62	;	62	37	63	;
37	38	63	;	63	38	64	;
38	39	64	;	64	39	65	;
39	40	65	;	65	40	66	;
40	41	66	;	66	41	67	;
41	42	67	;	67	42	68	;
42	43	68	;	68	43	69	;
43	44	69	;	69	44	70	;
44	45	70	;	70	45	71	;
45	46	71	;	71	46	72	;
46	47	72	;	72	47	73	;
47	48	73	;	73	48	74	;
48	49	74	;	74	49	75	;
49	50	75	;	75	50	76	;
50	51	76	;	76	51	77	;
51	52	77	;	77	52	78	;
53	54	79	;	79	54	80	;
54	55	80	;	80	55	81	;
55	56	81	;	81	56	82	;
56	57	82	;	82	57	83	;
57	58	83	;	83	58	84	;
58	59	84	;	84	59	85	;
59	60	85	;	85	60	86	;
60	61	86	;	86	61	87	;
61	62	87	;	87	62	88	;
62	63	88	;	88	63	89	;
63	64	89	;	89	64	90	;
64	65	90	;	90	65	91	;
65	66	91	;	91	66	92	;
66	67	92	;	92	67	93	;
67	68	93	;	93	68	94	;
68	69	94	;	94	69	95	;
69	70	95	;	95	70	96	;
70	71	96	;	96	71	97	;
71	72	97	;	97	72	98	;
72	73	98	;	98	73	99	;
73	74	99	;	99	74	100	;
74	75	100	;	100	75	101	;
75	76	101	;	101	76	102	;
76	77	102	;	102	77	103	;
77	78	103	;	103	78	104	;
79	80	105	;	105	80	106	;
80	81	106	;	106	81	107	;
81	82	107	;	107	82	108	;
82	83	108	;	108	83	109	;
83	84	109	;	109	84	110	;
84	85	110	;	110	85	111	;
85	86	111	;	111	86	112	;
86	87	112	;	112	87	113	;
87	88	113	;	113	88	114	;
88	89	114	;	114	89	115	;
89	90	115	;	115	90	116	;
90	91	116	;	116	91	117	;
91	92	117	;	117	92	118	;
92	93	118	;	118	93	119	;
93	94	119	;	119	94	120	;
94	95	120	;	120	95	121	;
95	96	121	;	121	96	122	;
96	97	122	;	122	97	123	;
97	98	123	;	123	98	124	;
98	99	124	;	124	99	125	;
99	100	125	;	125	100	126	;
100	101	126	;	126	101	127	;
101	102	127	;	127	102	128	;
102	103	128	;	128	103	129	;
103	104	129	;	129	104	130	];

L=123456;
climit=[1 0 0 L;27 0 L L;53 0 L L;79 0 L L;105 0 L L];

%charg=[26 1 0 0;
%130 -1 0 0];
%charg=[51 0 0 1];
charg=[26 0 0 0.5;
130 0 0 0.5];
%charg=[17 0 0 0.4;
%34 0 0 0.4;
%51 0 0 0.4;
%68 0 0 0.4;
%85 0 0 0.4];

end