function [coor,connex,climit,charg,E,nu,th]=pure_bending16x4

E=1500;
nu=0;
th=1;

coor=[0	-0.5	;
0.625	-0.5	;
1.25	-0.5	;
1.875	-0.5	;
2.5	-0.5	;
3.125	-0.5	;
3.75	-0.5	;
4.375	-0.5	;
5	-0.5	;
5.625	-0.5	;
6.25	-0.5	;
6.875	-0.5	;
7.5	-0.5	;
8.125	-0.5	;
8.75	-0.5	;
9.375	-0.5	;
10	-0.5	;
0	-0.25	;
0.625	-0.25	;
1.25	-0.25	;
1.875	-0.25	;
2.5	-0.25	;
3.125	-0.25	;
3.75	-0.25	;
4.375	-0.25	;
5	-0.25	;
5.625	-0.25	;
6.25	-0.25	;
6.875	-0.25	;
7.5	-0.25	;
8.125	-0.25	;
8.75	-0.25	;
9.375	-0.25	;
10	-0.25	;
0	0	;
0.625	0	;
1.25	0	;
1.875	0	;
2.5	0	;
3.125	0	;
3.75	0	;
4.375	0	;
5	0	;
5.625	0	;
6.25	0	;
6.875	0	;
7.5	0	;
8.125	0	;
8.75	0	;
9.375	0	;
10	0	;
0	0.25	;
0.625	0.25	;
1.25	0.25	;
1.875	0.25	;
2.5	0.25	;
3.125	0.25	;
3.75	0.25	;
4.375	0.25	;
5	0.25	;
5.625	0.25	;
6.25	0.25	;
6.875	0.25	;
7.5	0.25	;
8.125	0.25	;
8.75	0.25	;
9.375	0.25	;
10	0.25	;
0	0.5	;
0.625	0.5	;
1.25	0.5	;
1.875	0.5	;
2.5	0.5	;
3.125	0.5	;
3.75	0.5	;
4.375	0.5	;
5	0.5	;
5.625	0.5	;
6.25	0.5	;
6.875	0.5	;
7.5	0.5	;
8.125	0.5	;
8.75	0.5	;
9.375	0.5	;
10	0.5	];
coor(:,2)=coor(:,2)*2;

connex=[1	2	18	;	18	2	19	;
2	3	19	;	19	3	20	;
3	4	20	;	20	4	21	;
4	5	21	;	21	5	22	;
5	6	22	;	22	6	23	;
6	7	23	;	23	7	24	;
7	8	24	;	24	8	25	;
8	9	25	;	25	9	26	;
9	10	26	;	26	10	27	;
10	11	27	;	27	11	28	;
11	12	28	;	28	12	29	;
12	13	29	;	29	13	30	;
13	14	30	;	30	14	31	;
14	15	31	;	31	15	32	;
15	16	32	;	32	16	33	;
16	17	33	;	33	17	34	;
18	19	35	;	35	19	36	;
19	20	36	;	36	20	37	;
20	21	37	;	37	21	38	;
21	22	38	;	38	22	39	;
22	23	39	;	39	23	40	;
23	24	40	;	40	24	41	;
24	25	41	;	41	25	42	;
25	26	42	;	42	26	43	;
26	27	43	;	43	27	44	;
27	28	44	;	44	28	45	;
28	29	45	;	45	29	46	;
29	30	46	;	46	30	47	;
30	31	47	;	47	31	48	;
31	32	48	;	48	32	49	;
32	33	49	;	49	33	50	;
33	34	50	;	50	34	51	;
35	36	52	;	52	36	53	;
36	37	53	;	53	37	54	;
37	38	54	;	54	38	55	;
38	39	55	;	55	39	56	;
39	40	56	;	56	40	57	;
40	41	57	;	57	41	58	;
41	42	58	;	58	42	59	;
42	43	59	;	59	43	60	;
43	44	60	;	60	44	61	;
44	45	61	;	61	45	62	;
45	46	62	;	62	46	63	;
46	47	63	;	63	47	64	;
47	48	64	;	64	48	65	;
48	49	65	;	65	49	66	;
49	50	66	;	66	50	67	;
50	51	67	;	67	51	68	;
52	53	69	;	69	53	70	;
53	54	70	;	70	54	71	;
54	55	71	;	71	55	72	;
55	56	72	;	72	56	73	;
56	57	73	;	73	57	74	;
57	58	74	;	74	58	75	;
58	59	75	;	75	59	76	;
59	60	76	;	76	60	77	;
60	61	77	;	77	61	78	;
61	62	78	;	78	62	79	;
62	63	79	;	79	63	80	;
63	64	80	;	80	64	81	;
64	65	81	;	81	65	82	;
65	66	82	;	82	66	83	;
66	67	83	;	83	67	84	;
67	68	84	;	84	68	85	];

L=123456;
climit=[1 0 0 L;18 0 0 0;35 0 0 0;52 0 0 0;69 0 0 L];

charg=[17 10 0 0;
85 -10 0 0];
%charg=[51 0 0 1];
%charg=[17 0 0 10;
%85 0 0 10];
%charg=[17 0 0 0.2;
%34 0 0 0.2;
%51 0 0 0.2;
%68 0 0 0.2;
%85 0 0 0.2];

end