val=[0.0200000000000000,0.00141860000000000;0.0400000000000000,0.0110501000000000;0.0600000000000000,0.0103298000000000;0.0800000000000000,0.00901420000000000;0.100000000000000,0.00971630000000000;0.120000000000000,0.0122779000000000;0.140000000000000,0.0145209000000000;0.160000000000000,0.0130875000000000;0.180000000000000,0.0112556000000000;0.200000000000000,0.00869480000000000;0.220000000000000,0.00867650000000000;0.240000000000000,0.0133696000000000;0.260000000000000,0.0179320000000000;0.280000000000000,0.0197425000000000;0.300000000000000,0.0165646000000000;0.320000000000000,0.0147041000000000;0.340000000000000,0.0110495000000000;0.360000000000000,0.00835730000000000;0.380000000000000,0.00425230000000000;0.400000000000000,0.00668190000000000;0.420000000000000,0.0133078000000000;0.440000000000000,0.0194249000000000;0.460000000000000,0.0199366000000000;0.480000000000000,0.00668440000000000;0.500000000000000,-0.00309540000000000;0.520000000000000,-0.0143676000000000;0.540000000000000,0.00499260000000000;0.560000000000000,0.0130743000000000;0.580000000000000,0.0146728000000000;0.600000000000000,0.0206511000000000;0.620000000000000,0.0265171000000000;0.640000000000000,0.0331589000000000;0.660000000000000,0.0311817000000000;0.680000000000000,0.0175872000000000;0.700000000000000,0.0201272000000000;0.720000000000000,0.0166099000000000;0.740000000000000,0.0167523000000000;0.760000000000000,0.00678610000000000;0.780000000000000,-0.00254140000000000;0.800000000000000,-0.0153095000000000;0.820000000000000,-0.0240884000000000;0.840000000000000,-0.0257276000000000;0.860000000000000,-0.0342896000000000;0.880000000000000,-0.0472561000000000;0.900000000000000,-0.0501296000000000;0.920000000000000,-0.0426853000000000;0.940000000000000,-0.0366461000000000;0.960000000000000,-0.0276387000000000;0.980000000000000,-0.0239442000000000;1,-0.0346128000000000;1.02000000000000,-0.0420148000000000;1.04000000000000,-0.0540245000000000;1.06000000000000,-0.0651839000000000;1.08000000000000,-0.0746135000000000;1.10000000000000,-0.0664672000000000;1.12000000000000,-0.0610994000000000;1.14000000000000,-0.0407507000000000;1.16000000000000,-0.0407638000000000;1.18000000000000,-0.00643550000000000;1.20000000000000,0.0524818000000000;1.22000000000000,0.0802734000000000;1.24000000000000,0.0615024000000000;1.26000000000000,0.0494024000000000;1.28000000000000,0.0255326000000000;1.30000000000000,0.00603600000000000;1.32000000000000,-0.0136967000000000;1.34000000000000,-0.0314244000000000;1.36000000000000,-0.0508933000000000;1.38000000000000,-0.0723684000000000;1.40000000000000,-0.101453900000000;1.42000000000000,-0.124257300000000;1.44000000000000,-0.155930200000000;1.46000000000000,-0.147782700000000;1.48000000000000,-0.117751600000000;1.50000000000000,-0.0953731000000000;1.52000000000000,-0.0909274000000000;1.54000000000000,-0.0944614000000000;1.56000000000000,-0.0855826000000000;1.58000000000000,-0.0919129000000000;1.60000000000000,-0.101221600000000;1.62000000000000,-0.123234800000000;1.64000000000000,-0.0334076000000000;1.66000000000000,0.150392700000000;1.68000000000000,0.210708200000000;1.70000000000000,0.202869200000000;1.72000000000000,0.207456100000000;1.74000000000000,0.185216400000000;1.76000000000000,0.175909800000000;1.78000000000000,0.178694700000000;1.80000000000000,0.178717200000000;1.82000000000000,0.184035700000000;1.84000000000000,0.166209700000000;1.86000000000000,0.137309200000000;1.88000000000000,0.110890000000000;1.90000000000000,0.0796999000000000;1.92000000000000,0.0437868000000000;1.94000000000000,0.00169250000000000;1.96000000000000,-0.0366617000000000;1.98000000000000,-0.0800731000000000;2,-0.118671700000000;2.02000000000000,-0.162988100000000;2.04000000000000,-0.199860900000000;2.06000000000000,-0.245954100000000;2.08000000000000,-0.278298400000000;2.10000000000000,-0.309545600000000;2.12000000000000,-0.326298000000000;2.14000000000000,-0.348432300000000;2.16000000000000,-0.287701900000000;2.18000000000000,-0.237002300000000;2.20000000000000,0.122147600000000;2.22000000000000,0.241931600000000;2.24000000000000,0.167257100000000;2.26000000000000,0.190221900000000;2.28000000000000,0.111636100000000;2.30000000000000,0.0767530000000000;2.32000000000000,0.0176730000000000;2.34000000000000,-0.0115473000000000;2.36000000000000,-0.0543279000000000;2.38000000000000,-0.0912820000000000;2.40000000000000,-0.120898400000000;2.42000000000000,-0.179127200000000;2.44000000000000,-0.0587505000000000;2.46000000000000,0.268243900000000;2.48000000000000,0.157796900000000;2.50000000000000,0.176283700000000;2.52000000000000,0.103168900000000;2.54000000000000,0.0590237000000000;2.56000000000000,-0.0241638000000000;2.58000000000000,0.0683487000000000;2.60000000000000,0.201929800000000;2.62000000000000,0.167377200000000;2.64000000000000,0.171844900000000;2.66000000000000,0.151069800000000;2.68000000000000,0.125568500000000;2.70000000000000,0.102086400000000;2.72000000000000,0.0765982000000000;2.74000000000000,0.0532955000000000;2.76000000000000,0.0276077000000000;2.78000000000000,0.00447580000000000;2.80000000000000,-0.0191574000000000;2.82000000000000,0.00964130000000000;2.84000000000000,0.0441028000000000;2.86000000000000,0.0854477000000000;2.88000000000000,0.0969668000000000;2.90000000000000,0.0730331000000000;2.92000000000000,0.0611187000000000;2.94000000000000,0.0340580000000000;2.96000000000000,0.0110624000000000;2.98000000000000,-0.0188799000000000;3,-0.0427922000000000;3.02000000000000,-0.0685793000000000;3.04000000000000,0.00986450000000000;3.06000000000000,0.0379573000000000;3.08000000000000,0.00406840000000000;3.10000000000000,-0.00110310000000000;3.12000000000000,-0.0351067000000000;3.14000000000000,-0.0575933000000000;3.16000000000000,-0.0900616000000000;3.18000000000000,-0.115184000000000;3.20000000000000,-0.138961800000000;3.22000000000000,-0.0223250000000000;3.24000000000000,-0.0245450000000000;3.26000000000000,-0.0696112000000000;3.28000000000000,-0.0702671000000000;3.30000000000000,-0.134361000000000;3.32000000000000,-0.137933600000000;3.34000000000000,-0.208000500000000;3.36000000000000,0.0948973000000000;3.38000000000000,0.133328500000000;3.40000000000000,0.0705179000000000;3.42000000000000,0.0557209000000000;3.44000000000000,-0.00731970000000000;3.46000000000000,-0.0688036000000000;3.48000000000000,0.108775600000000;3.50000000000000,0.151780800000000;3.52000000000000,0.109191400000000;3.54000000000000,0.118513200000000;3.56000000000000,0.0777257000000000;3.58000000000000,0.0570298000000000;3.60000000000000,0.0218987000000000;3.62000000000000,0.0128045000000000;3.64000000000000,0.0686990000000000;3.66000000000000,0.0330526000000000;3.68000000000000,0.0343524000000000;3.70000000000000,0.0111501000000000;3.72000000000000,-0.00176530000000000;3.74000000000000,-0.0305230000000000;3.76000000000000,-0.0497618000000000;3.78000000000000,-0.0619650000000000;3.80000000000000,-0.0226738000000000;3.82000000000000,0.00327150000000000;3.84000000000000,0.0249704000000000;3.86000000000000,-0.00784990000000000;3.88000000000000,-0.0214908000000000;3.90000000000000,-0.0579101000000000;3.92000000000000,-0.0841822000000000;3.94000000000000,-0.122970600000000;3.96000000000000,-0.150746500000000;3.98000000000000,-0.177095500000000;4,-0.0429767000000000;4.02000000000000,-0.00295930000000000;4.04000000000000,-0.0264298000000000;4.06000000000000,-0.0298436000000000;4.08000000000000,0.00558030000000000;4.10000000000000,0.0149472000000000;4.12000000000000,-0.0145717000000000;4.14000000000000,-0.0210255000000000;4.16000000000000,-0.0508904000000000;4.18000000000000,-0.0657517000000000;4.20000000000000,-0.0976215000000000;4.22000000000000,-0.115010700000000;4.24000000000000,-0.147529300000000;4.26000000000000,-0.166155800000000;4.28000000000000,-0.198294200000000;4.30000000000000,-0.189268000000000;4.32000000000000,-0.202285800000000;4.34000000000000,-0.180359000000000;4.36000000000000,-0.127504200000000;4.38000000000000,0.123047700000000;4.40000000000000,0.0552242000000000;