% coordenadas de cada nodo [x, y]
xy=[0,0,0;0,0,4;0,0,8;0,4,0;0,4,4;0,4,8;0,13,0;0,13,4;0,13,8;6,0,0;6,0,4;6,0,8;6,4,0;6,4,4;6,4,8;6,13,0;6,13,4;6,13,8];
% nudos con restricciones
ap=[1,4,7,10,13,16];

w=[zeros(1,12),ones(1,14)*10];
tipap=ones(1,6)*3;
bh=[ones(26,1)*0.4,ones(26,2)*0.4];
nudosele=[1,2;2,3;4,5;5,6;7,8;8,9;10,11;11,12;13,14;14,15;16,17;17,18;2,5;5,8;3,6;6,9;11,14;14,17;12,15;15,18;2,11;3,12;5,14;6,15;8,17;9,18];
%xy=[0,0,0;0,0,4;6,0,0;6,0,4;0,5,0;0,5,4;6,5,0;6,5,4];
%ap=[1,3,5,7];
%w=[0,0,0,0,10,10,10,10];
%tipap=ones(1,4)*3;
%bh=ones(8,2)*0.4;
%nudosele=[1,2;3,4;5,6;7,8;2,4;4,8;8,6;6,2];
%xy=[0,0,0;0,0,3;0,0,6;6,0,0;6,0,3;6,0,6;12,0,0;12,0,3;12,0,6;0,4,0;0,4,3;0,4,6;6,4,0;6,4,3;6,4,6;12,4,0;12,4,3;12,4,6];
%ap=[1,4,7,10,13,16];
%w=[0;0;0;0;0;0;0;0;0;0;0;0;30;30;30;30;30;30;30;30;30;30;30;30;30;30]';
%tipap=ones(1,6)*3;
%bh=ones(26,2)*0.4;
%nudosele=[1,2;2,3;4,5;5,6;7,8;8,9;10,11;11,12;13,14;14,15;16,17;17,18;2,5;5,8;11,14;14,17;2,11;5,14;8,17;3,12;6,15;9,18;3,6;6,9;12,15;15,18];
%escamilla 11.3
%xy=[0,3,3;5,3,3;0,3,0;0,0,3];
%ap=[2,3,4];
%w=[24,35,0];
%tipap=[3,3,3];
%bh=[0.3,0.4;0.4,0.25;0.3,0.4];
%nudosele=[1,2;4,1;3,1];
%%% portico en Y
%xy=[0,3,0;0,3,3;0,0,3];
%ap=[1,3];
%w=[0,35];
%tipap=[3,3];
%bh=[0.3,0.4;0.4,0.25];
%nudosele=[1,2;2,3];
%%% portico en Xclc
%xy=[0,3,0;0,3,3;3,3,3];
%ap=[1,3];
%w=[0,35];
%tipap=[3,3];
%bh=[0.4,0.3;0.4,0.25];
%nudosele=[1,2;2,3];